>MA0098.1 ETS1
A [  4.00  17.00   0.00   0.00   0.00   5.00]
C [ 16.00   0.00   1.00  39.00  39.00   3.00]
G [  4.00   0.00   0.00   1.00   0.00  17.00]
T [ 16.00  23.00  39.00   0.00   1.00  15.00]
>MA0095.1 YY1
A [  6.00   0.00   0.00  17.00   0.00   3.00]
C [  1.00  16.00  17.00   0.00   0.00   8.00]
G [  7.00   0.00   0.00   0.00   0.00   3.00]
T [  3.00   1.00   0.00   0.00  17.00   3.00]
>MA0103.1 ZEB1
A [  1.00  38.00   0.00   0.00   0.00  10.00]
C [ 34.00   0.00  40.00  38.00   1.00   1.00]
G [  1.00   2.00   1.00   3.00   0.00  16.00]
T [  5.00   1.00   0.00   0.00  40.00  14.00]
>MA0103.3 ZEB1
A [3211.00 4685.00 114.00 19905.00  32.00 193.00   4.00 441.00 1982.00 4258.00 3490.00]
C [7998.00 5550.00 19195.00   0.00 19878.00 19257.00 501.00 178.00 9561.00 6117.00 6955.00]
G [5228.00 5179.00 158.00 223.00  97.00 649.00 355.00 19381.00 5178.00 6601.00 5828.00]
T [3692.00 4715.00 662.00   1.00 122.00  30.00 19269.00 129.00 3408.00 3153.00 3856.00]
>MA0764.4 ETV4
A [11524.00 804.00 735.00   0.00   0.00 16511.00 13187.00 3007.00 686.00]
C [1508.00 14467.00 16511.00   0.00   0.00 131.00 551.00 1288.00 4392.00]
G [4987.00 2044.00 229.00 16511.00 16511.00 155.00 247.00 13504.00 1313.00]
T [2350.00 331.00   3.00   0.00   0.00 148.00 3324.00 183.00 12118.00]
>MA2329.1 ZBTB11
A [128.00 1935.00  13.00  79.00  38.00  29.00  15.00  25.00  44.00]
C [1926.00 120.00 2192.00  39.00  33.00 2342.00 2328.00  74.00 230.00]
G [188.00 262.00  84.00 101.00  31.00  15.00  25.00 1977.00 2030.00]
T [153.00  78.00 106.00 2176.00 2293.00   9.00  27.00 319.00  91.00]
>MA0765.4 ETV5
A [13677.00 202.00  87.00   0.00   0.00 16117.00 14531.00 1742.00 282.00]
C [713.00 16117.00 16117.00   0.00   0.00 189.00 119.00 492.00 2350.00]
G [2441.00 585.00  24.00 16117.00 16117.00  23.00  17.00 14375.00 344.00]
T [1533.00 110.00   0.00   0.00   0.00 108.00 1587.00  42.00 13767.00]
>MA0814.2 TFAP2C
A [11314.00 13628.00 3782.00 736.00 482.00 1367.00 1323.00 51058.00 874.00 714.00 4313.00 10186.00 16182.00 12086.00]
C [15858.00 12565.00 14686.00 57108.00 57617.00 5539.00 3036.00 4733.00 1486.00 1575.00 42758.00 12553.00 15252.00 16468.00]
G [17038.00 20129.00 37729.00 2273.00 2060.00 4910.00 55222.00 3944.00 57995.00 57916.00 9867.00 27373.00 18680.00 17367.00]
T [16609.00 14497.00 4622.00 702.00 660.00 49003.00 1238.00 1084.00 464.00 614.00 3881.00 10707.00 10705.00 14898.00]
>MA0814.3 TFAP2C
A [3782.00 736.00 482.00 1367.00 1323.00 51058.00 874.00 714.00 4313.00]
C [14686.00 57108.00 57617.00 5539.00 3036.00 4733.00 1486.00 1575.00 42758.00]
G [37729.00 2273.00 2060.00 4910.00 55222.00 3944.00 57995.00 57916.00 9867.00]
T [4622.00 702.00 660.00 49003.00 1238.00 1084.00 464.00 614.00 3881.00]
>MA1507.1 HOXD4
A [1186.00   0.00 1542.00 3405.00   0.00   0.00 3405.00 1102.00]
C [705.00 1184.00 1862.00   0.00   0.00   0.00   0.00 525.00]
G [1155.00   0.00   0.00 176.00   0.00   0.00 194.00 1147.00]
T [359.00 3405.00   0.00   0.00 3405.00 3405.00   0.00 631.00]
>MA1504.1 HOXC4
A [2731.00 188.00 3607.00 8759.00   0.00   0.00 8759.00 2776.00]
C [1867.00 3111.00 5152.00   0.00   0.00   0.00   0.00 1679.00]
G [2809.00   0.00   0.00 583.00   0.00   0.00 825.00 2713.00]
T [1353.00 8759.00   0.00   0.00 8759.00 8759.00   0.00 1592.00]
>MA1499.1 HOXB4
A [4683.00   0.00 3621.00 9080.00   0.00   0.00 9080.00 4397.00]
C [1377.00 2103.00 5459.00   0.00   0.00   0.00   0.00 1409.00]
G [4397.00   0.00   0.00 265.00   0.00 271.00  55.00 4683.00]
T [1021.00 9080.00   0.00   0.00 9080.00 9080.00   0.00 1388.00]
>MA1964.1 SMAD2
A [825.00 514.00  42.00   6.00 3447.00   7.00 3747.00   1.00 1375.00 651.00]
C [998.00 1100.00 3610.00 3484.00 149.00  30.00   0.00 3757.00 599.00 1066.00]
G [915.00 1370.00  86.00 171.00 154.00 3703.00   0.00   0.00 1009.00 1288.00]
T [1020.00 774.00  20.00  97.00   8.00  18.00  11.00   0.00 775.00 753.00]
>MA1964.2 SMAD2
A [ 42.00   6.00 3447.00   7.00 3747.00   1.00]
C [3610.00 3484.00 149.00  30.00   0.00 3757.00]
G [ 86.00 171.00 154.00 3703.00   0.00   0.00]
T [ 20.00  97.00   8.00  18.00  11.00   0.00]
>MA0018.1 CREB1
A [  0.00   3.00   0.00   2.00   5.00   0.00   0.00  16.00   0.00   0.00   1.00   5.00]
C [  7.00   5.00   3.00   3.00   1.00   0.00   0.00   0.00  16.00   0.00   5.00   6.00]
G [  5.00   4.00   6.00  11.00   7.00   0.00  15.00   0.00   0.00  16.00   0.00   3.00]
T [  4.00   4.00   7.00   0.00   3.00  16.00   1.00   0.00   0.00   0.00  10.00   2.00]
>MA1106.2 HIF1A
A [976.00   0.00   1.00   2.00  84.00  88.00]
C [  0.00 979.00   0.00  33.00  41.00 837.00]
G [  2.00   0.00 979.00  11.00 844.00  20.00]
T [  2.00   1.00   0.00 934.00  11.00  35.00]
>MA0604.1 Atf1
A [462.00  24.00   0.00 1000.00   0.00   7.00  90.00 600.00]
C [ 86.00  16.00  22.00   0.00 1000.00   0.00 198.00 138.00]
G [387.00   0.00 803.00   0.00   0.00 993.00   0.00 163.00]
T [ 65.00 960.00 175.00   0.00   0.00   0.00 712.00 100.00]
>MA0594.2 HOXA9
A [651.00 277.00  77.00 627.00   0.00 1644.00 1644.00 1644.00 370.00 350.00]
C [381.00 534.00 1644.00  17.00  47.00 123.00  86.00 874.00 485.00 449.00]
G [993.00 145.00  16.00 1644.00   0.00  74.00  23.00 215.00 336.00 498.00]
T [ 33.00 1644.00  71.00   0.00 1644.00 1262.00 177.00 875.00 453.00 347.00]
>MA2324.1 BCL11A
A [343.00 180.00 125.00 5724.00 155.00 143.00 4495.00]
C [5024.00 120.00 281.00  92.00 5855.00 5964.00 641.00]
G [591.00 165.00 5747.00 100.00 141.00  55.00 385.00]
T [307.00 5800.00 112.00 349.00 114.00 103.00 744.00]
>MA0913.2 HOXD9
A [1300.00   0.00 16363.00 16363.00 215.00 16363.00 16363.00 16363.00 16363.00 4149.00]
C [872.00 9773.00 8643.00 226.00   0.00   8.00   0.00   0.00 2202.00 5804.00]
G [16363.00  42.00 675.00 439.00   0.00   0.00   0.00   0.00 1216.00 2169.00]
T [655.00 6590.00 927.00   4.00 16363.00 5445.00 123.00   0.00 2194.00 4241.00]